% Pearson correlation table
\begin{table}[htbp]
\centering
\small
\caption{Pearson correlation between model predictions.}
\label{tab:pearson_corr}
\begin{tabular}{lccccccc}
\toprule
& GraphyloVar & CADD & Enformer & PhastCons & PhyloP & GPN-MSA & GPN-Star \\
\midrule
GraphyloVar & 1.000 & 0.135 & 0.131 & 0.055 & 0.190 & 0.257 & 0.267 \\
CADD & 0.135 & 1.000 & 0.855 & 0.614 & 0.510 & 0.254 & 0.196 \\
Enformer & 0.131 & 0.855 & 1.000 & 0.696 & 0.507 & 0.289 & 0.222 \\
PhastCons & 0.055 & 0.614 & 0.696 & 1.000 & 0.260 & 0.151 & 0.029 \\
PhyloP & 0.190 & 0.510 & 0.507 & 0.260 & 1.000 & 0.383 & 0.359 \\
GPN-MSA & 0.257 & 0.254 & 0.289 & 0.151 & 0.383 & 1.000 & 0.863 \\
GPN-Star & 0.267 & 0.196 & 0.222 & 0.029 & 0.359 & 0.863 & 1.000 \\
\bottomrule
\end{tabular}
\end{table}